0 15 70 3
0 16 71 4
0 17 72 3
0 18 73 5
0 19 74 4
0 20 75 3
0 21 76 4
0 22 77 5
0 23 78 4
0 24 79 3
1 10 60 2
1 11 61 3
1 12 62 2
1 13 63 4
1 14 64 3
1 15 65 2
1 16 66 3
1 17 67 4
1 18 68 3
1 19 69 2
2 -5 80 5
2 -4 81 4
2 -3 82 5
2 -2 83 6
2 -1 84 5
2 0 85 4
2 1 86 5
2 2 87 6
2 3 88 5
2 4 89 4
0 15 70 3
0 16 71 4
0 17 72 3
0 18 73 5
0 19 74 4
0 20 75 3
0 21 76 4
0 22 77 5
0 23 78 4
0 24 79 3
1 10 60 2
1 11 61 3
1 12 62 2
1 13 63 4
1 14 64 3
1 15 65 2
1 16 66 3
1 17 67 4
1 18 68 3
1 19 69 2
2 -5 80 5
2 -4 81 4
2 -3 82 5
2 -2 83 6
2 -1 84 5
2 0 85 4
2 1 86 5
2 2 87 6
2 3 88 5
2 4 89 4
0 15 70 3
0 16 71 4
0 17 72 3
0 18 73 5
0 19 74 4
0 20 75 3
0 21 76 4
0 22 77 5
0 23 78 4
0 24 79 3
1 10 60 2
1 11 61 3
1 12 62 2
1 13 63 4
1 14 64 3
1 15 65 2
1 16 66 3
1 17 67 4
1 18 68 3
1 19 69 2
2 -5 80 5
2 -4 81 4
2 -3 82 5
2 -2 83 6
2 -1 84 5
2 0 85 4
2 1 86 5
2 2 87 6
2 3 88 5
2 4 89 4
0 15 70 3
0 16 71 4
0 17 72 3
0 18 73 5
0 19 74 4
0 20 75 3
0 21 76 4
0 22 77 5
0 23 78 4
0 24 79 3
1 10 60 2
1 11 61 3
1 12 62 2
1 13 63 4
1 14 64 3
1 15 65 2
1 16 66 3
1 17 67 4
1 18 68 3
1 19 69 2
2 -5 80 5
2 -4 81 4
2 -3 82 5
2 -2 83 6
2 -1 84 5
2 0 85 4
2 1 86 5
2 2 87 6
2 3 88 5
2 4 89 4
0 15 70 3
0 16 71 4
0 17 72 3
0 18 73 5
0 19 74 4
0 20 75 3
0 21 76 4
0 22 77 5
0 23 78 4
0 24 79 3
1 10 60 2
1 11 61 3
1 12 62 2
1 13 63 4
1 14 64 3
1 15 65 2
1 16 66 3
1 17 67 4
1 18 68 3
1 19 69 2
2 -5 80 5
2 -4 81 4
2 -3 82 5
2 -2 83 6
2 -1 84 5
2 0 85 4
2 1 86 5
2 2 87 6
2 3 88 5
2 4 89 4
0 15 70 3
0 16 71 4
0 17 72 3
0 18 73 5
0 19 74 4
0 20 75 3
0 21 76 4
0 22 77 5
0 23 78 4
0 24 79 3
1 10 60 2
1 11 61 3
1 12 62 2
1 13 63 4
1 14 64 3
1 15 65 2
1 16 66 3
1 17 67 4
1 18 68 3
1 19 69 2
2 -5 80 5
2 -4 81 4
2 -3 82 5
2 -2 83 6
2 -1 84 5
2 0 85 4
2 1 86 5
2 2 87 6
2 3 88 5
2 4 89 4
0 15 70 3
0 16 71 4
0 17 72 3
0 18 73 5
0 19 74 4
0 20 75 3
0 21 76 4
0 22 77 5
0 23 78 4
0 24 79 3
1 10 60 2
1 11 61 3
1 12 62 2
1 13 63 4
1 14 64 3
1 15 65 2
1 16 66 3
1 17 67 4
1 18 68 3
1 19 69 2
2 -5 80 5
2 -4 81 4
2 -3 82 5
2 -2 83 6
2 -1 84 5
2 0 85 4
2 1 86 5
2 2 87 6
2 3 88 5
2 4 89 4
0 15 70 3
0 16 71 4
0 17 72 3
0 18 73 5
0 19 74 4
0 20 75 3
0 21 76 4
0 22 77 5
0 23 78 4
0 24 79 3
1 10 60 2
1 11 61 3
1 12 62 2
1 13 63 4
1 14 64 3
1 15 65 2
1 16 66 3
1 17 67 4
1 18 68 3
1 19 69 2
2 -5 80 5
2 -4 81 4
2 -3 82 5
2 -2 83 6
2 -1 84 5
2 0 85 4
2 1 86 5
2 2 87 6
2 3 88 5
2 4 89 4
0 15 70 3
0 16 71 4
0 17 72 3
0 18 73 5
0 19 74 4
0 20 75 3
0 21 76 4
0 22 77 5
0 23 78 4
0 24 79 3
1 10 60 2
1 11 61 3
1 12 62 2
1 13 63 4
1 14 64 3
1 15 65 2
1 16 66 3
1 17 67 4
1 18 68 3
1 19 69 2
2 -5 80 5
2 -4 81 4
2 -3 82 5
2 -2 83 6
2 -1 84 5
2 0 85 4
2 1 86 5
2 2 87 6
2 3 88 5
2 4 89 4
0 15 70 3
0 16 71 4
0 17 72 3
0 18 73 5
0 19 74 4
0 20 75 3
0 21 76 4
0 22 77 5
0 23 78 4
0 24 79 3
1 10 60 2
1 11 61 3
1 12 62 2
1 13 63 4
1 14 64 3
1 15 65 2
1 16 66 3
1 17 67 4
1 18 68 3
1 19 69 2
2 -5 80 5
2 -4 81 4
2 -3 82 5
2 -2 83 6
2 -1 84 5
2 0 85 4
2 1 86 5
2 2 87 6
2 3 88 5
2 4 89 4
0 15 70 3
0 16 71 4
0 17 72 3
0 18 73 5
0 19 74 4
0 20 75 3
0 21 76 4
0 22 77 5
0 23 78 4
0 24 79 3
1 10 60 2
1 11 61 3
1 12 62 2
1 13 63 4
1 14 64 3
1 15 65 2
1 16 66 3
1 17 67 4
1 18 68 3
1 19 69 2
2 -5 80 5
2 -4 81 4
2 -3 82 5
2 -2 83 6
2 -1 84 5
2 0 85 4
2 1 86 5
2 2 87 6
2 3 88 5
2 4 89 4
0 15 70 3
0 16 71 4
0 17 72 3
0 18 73 5
0 19 74 4
0 20 75 3
0 21 76 4
0 22 77 5
0 23 78 4
0 24 79 3
1 10 60 2
1 11 61 3
1 12 62 2
1 13 63 4
1 14 64 3
1 15 65 2
1 16 66 3
1 17 67 4
1 18 68 3
1 19 69 2
2 -5 80 5
2 -4 81 4
2 -3 82 5
2 -2 83 6
2 -1 84 5
2 0 85 4
2 1 86 5
2 2 87 6
2 3 88 5
2 4 89 4